0.0685319
0.0628255
0.0556796
0.0502403
0.0414432
0.0361546
0.0344407
0.0331015
0.0314504
0.0294479
0.0284923
0.0268502
0.0260076
0.0243385
0.0226551
0.0213195
0.0201166
0.019473
0.019057
0.0156418
0.0156239
0.0146863
0.0145536
0.0140373
0.0120276
0.0119846
0.0119272
0.0114306
0.0106221
0.01026
0.00992472
0.00952852
0.00894946
0.00871999
0.00820367
0.00781106
0.00778596
0.00721765
0.00653282
0.00642346
0.00639119
0.00636968
0.00617965
0.00615992
0.00576731
0.00559341
0.00541772
0.00540517
0.00519721
0.0051757
0.00509682
0.00492113
0.00465042
0.00448907
0.00428649
0.00384189
0.00359448
0.00358373
0.00345644
0.00211546
0.00202223
0.00172822
0.00150771
0.00148082
0.00118322
0.00110793
0.00090893
0.000846183
0.000806742
0.000751167
0.000738617
0.000695591
0.000686627
0.000638223
0.000580854
0.000462532
0.000442812
0.000421299
0.000412335
0.000372894
0.000243815
0.000243815
0.000195411
0.000175691
0.000161348
0.000159556
0.000100395
0.000100395
9.50163e-05
5.73683e-05
4.66118e-05
4.12335e-05
3.7648e-05
2.86842e-05
2.15131e-05
0
0
0
0
0
0
0
0
0
0
0
0
0
0
0
0
0
0
0
0
0
0
0
0
0
0
0
0
0
0
0
0
0
