0.0741902
0.0517943
0.0494081
0.0345607
0.0304122
0.0275893
0.0253747
0.0246573
0.0201812
0.0188556
0.014785
0.0145043
0.0137869
0.0126951
0.00984108
0.00956035
0.009342
0.00921724
0.00849982
0.00821909
0.00718976
0.00715856
0.00711178
0.00626959
0.00558337
0.00514668
0.00502191
0.00499072
0.00455403
0.00408615
0.00360268
0.00321278
0.00296324
0.00288526
0.00279168
0.0027293
0.00237059
0.0023394
0.0023394
0.0023316
0.0023238
0.00231601
0.00230821
0.00230041
0.00229261
0.00228481
0.00227702
0.00226922
0.00226142
0.00225362
0.00224582
0.00223803
0.00223023
0.00222243
0.00221463
0.00220683
0.00219904
0.00219124
0.00218344
0.00217564
0.00216784
0.00216005
0.00215225
0.00214445
0.00213665
0.00212885
0.00212106
0.00211326
0.00210546
0.00209766
0.00208986
0.00208207
0.00207427
0.00206647
0.00205867
0.00205087
0.00204308
0.00203528
0.00202748
0.00201968
0.00201188
0.00200409
0.00199629
0.00198849
0.00198069
0.00197289
0.0019651
0.0019573
0.0019495
0.0019417
0.0019339
0.00192611
0.00191831
0.00191051
0.00190271
0.00189491
0.00188712
0.00187932
0.00187152
0.00186372
0.00185592
0.00184813
0.00184033
0.00183253
0.00182473
0.00181693
0.00180914
0.00180134
0.00179354
0.00178574
0.00177794
0.00177015
0.00176235
0.00175455
0.00174675
0.00173895
0.00173116
0.00172336
0.00171556
0.00170776
0.00169996
0.00169217
0.00168437
0.00167657
0.00166877
0.00166877
0.00166097
0.00165318
0.00164538
0.00163758
0.00162978
0.00162198
0.00161419
0.00160639
0.00159859
0.00159079
0.00158299
0.0015752
0.0015674
0.0015596
0.0015596
0.0015518
0.001544
0.001544
0.00153621
0.00152841
0.00152841
0.00152061
0.00151281
0.00150501
0.00149722
0.00148942
0.00148162
0.00147382
0.00146602
0.00145823
0.00145043
0.00144263
0.00143483
0.00142703
0.00141924
0.00141144
0.00140364
0.00139584
0.00138804
0.00138804
0.00138025
0.00137245
0.00136465
0.00135685
0.00134905
0.00134126
0.00133346
0.00132566
0.00131786
0.00131006
0.00130227
0.00129447
0.00128667
0.00127887
0.00127107
0.00126328
0.00125548
0.00124768
0.00123988
0.00123208
0.00122429
0.00121649
0.00120869
0.00120089
0.00119309
0.0011853
0.0011775
0.0011697
0.0011619
0.0011541
0.00114631
0.00113851
0.00113071
0.00112291
0.00111511
0.00110732
0.00109952
0.00109172
0.00108392
0.00107612
0.00106833
0.00106053
0.00105273
0.00104493
0.00103713
0.00102934
0.00102154
0.00101374
0.00100594
0.000998144
0.000998144
0.000990346
0.000982548
0.000982548
0.00097475
0.000966952
0.000959154
0.000951356
0.000943558
0.00093576
0.000927962
0.000920164
0.000912366
0.000904568
0.000904568
0.00089677
0.000888972
0.000881174
0.000873376
0.000873376
0.000865578
0.00085778
0.000849982
0.000842184
0.000842184
0.000834386
0.000826588
0.00081879
0.000810992
0.000803194
0.000795396
0.000787598
0.0007798
0.000772002
0.000764204
0.000756406
0.000748608
0.00074081
0.000733012
0.000725214
0.000717416
0.000717416
0.000717416
0.000709618
0.00070182
0.000694022
0.000686224
0.000686224
0.000678426
0.000670628
0.00066283
0.000655032
0.000647234
0.000639436
0.000639436
0.000631638
0.00062384
0.00062384
0.000616042
0.000608244
0.000608244
0.000600446
0.000592648
0.00058485
0.000577052
0.000569254
0.000561456
0.000553658
0.00054586
0.000538062
0.000530264
0.000522466
0.000514668
0.00050687
0.000499072
0.000491274
0.000483476
0.000475678
0.00046788
0.00046788
0.000460082
0.000452284
0.000444486
0.000436688
0.000436688
0.00042889
0.000421092
0.000413294
0.000405496
0.000405496
0.000397698
0.0003899
0.000382102
0.000374304
0.000366506
0.000358708
0.000358708
0.00035091
0.000343112
0.000335314
0.000327516
0.000327516
0.000319718
0.00031192
0.000304122
0.000296324
0.000288526
0.000280728
0.000280728
0.000280728
0.000280728
0.00027293
0.000265132
0.000265132
0.000257334
0.000249536
0.000249536
0.000241738
0.00023394
0.00023394
0.000226142
0.000218344
0.000210546
0.000202748
0.00019495
0.000187152
0.000187152
0.000187152
0.000179354
0.000171556
0.000171556
0.000171556
0.000171556
0.000171556
0.000171556
0.000171556
0.000163758
0.00015596
0.00015596
0.00015596
0.00015596
0.00015596
0.00015596
0.000148162
0.000140364
0.000140364
0.000140364
0.000132566
0.000124768
0.000124768
0.000124768
0.00011697
0.000109172
0.000109172
0.000109172
0.000109172
0.000109172
0.000109172
0.000101374
9.3576e-05
9.3576e-05
9.3576e-05
9.3576e-05
8.5778e-05
7.798e-05
7.798e-05
7.798e-05
7.798e-05
7.798e-05
7.0182e-05
6.2384e-05
6.2384e-05
6.2384e-05
6.2384e-05
6.2384e-05
5.4586e-05
4.6788e-05
4.6788e-05
4.6788e-05
4.6788e-05
4.6788e-05
4.6788e-05
4.6788e-05
4.6788e-05
4.6788e-05
4.6788e-05
4.6788e-05
3.899e-05
3.1192e-05
3.1192e-05
3.1192e-05
3.1192e-05
3.1192e-05
3.1192e-05
3.1192e-05
3.1192e-05
3.1192e-05
3.1192e-05
3.1192e-05
3.1192e-05
3.1192e-05
2.3394e-05
1.5596e-05
1.5596e-05
1.5596e-05
1.5596e-05
1.5596e-05
1.5596e-05
1.5596e-05
1.5596e-05
1.5596e-05
1.5596e-05
1.5596e-05
1.5596e-05
1.5596e-05
1.5596e-05
1.5596e-05
1.5596e-05
1.5596e-05
1.5596e-05
1.5596e-05
1.5596e-05
1.5596e-05
1.5596e-05
1.5596e-05
1.5596e-05
1.5596e-05
1.5596e-05
1.5596e-05
1.5596e-05
1.5596e-05
1.5596e-05
1.5596e-05
1.5596e-05
1.5596e-05
1.5596e-05
1.5596e-05
1.5596e-05
1.5596e-05
1.5596e-05
1.5596e-05
1.5596e-05
1.5596e-05
1.5596e-05
7.798e-06
0
0
0
0
0
0
0
0
0
0
0
0
0
0
0
0
0
0
0
0
0
0
0
0
0
0
0
0
0
0
0
0
0
0
0
0
0
0
0
0
0
0
0
0
0
0
0
0
0
0
0
0
0
0
0
0
0
0
0
0
0
0
0
0
0
0
0
0
0
0
0
0
0
0
0
0
0
0
0
0
0
0
0
0
0
0
0
0
0
0
0
0
0
0
0
0
0
0
0
0
0
0
0
0
0
0
0
0
0
0
0
0
0
0
0
0
0
0
0
0
0
0
0
0
0
0
0
0
0
0
0
0
0
0
0
0
0
0
1.5596e-05
