1  660
2  918
3  6642
4  9514
5  6336
6  9614
7  4432
8  3162
9  2418
10  3900
11  3538
12  2588
13  3254
14  1896
15  1860
16  1628
17  1182
18  1262
19  1198
20  1226
21  1090
22  1054
23  912
24  804
25  922
26  644
27  584
28  716
29  524
30  462
31  1768
32  350
33  412
34  304
35  370
36  640
37  358
38  196
39  380
40  200
41  178
42  198
43  112
44  214
45  128
46  116
47  108
48  88
49  300
50  82
51  56
52  92
53  36
54  24
55  126
56  78
57  46
58  80
59  52
60  60
61  92
62  20
63  36
64  42
65  20
66  22
67  36
68  20
69  22
70  18
71  30
72  22
73  34
74  14
75  16
76  32
77  22
78  22
79  22
80  14
81  12
82  24
83  8
84  12
85  18
86  2
87  12
88  10
89  2
90  16
91  14
92  0
93  4
94  8
95  6
96  4
97  14
98  10
99  20
100  6
101  2
102  10
103  4
104  4
105  6
106  10
107  0
108  6
109  14
110  8
111  6
112  2
113  0
114  6
115  8
116  2
117  6
118  2
119  0
120  4
121  2
122  4
123  0
124  6
125  2
126  2
127  2
128  2
129  2
130  20
131  0
132  0
133  4
134  0
135  6
136  4
137  0
138  2
139  2
140  2
141  0
142  4
143  0
144  0
145  2
146  2
147  0
148  0
149  2
150  2
151  2
152  0
153  0
154  0
155  0
156  2
157  4
158  2
159  0
160  2
161  0
162  0
163  0
164  0
165  0
166  2
167  0
168  2
169  0
170  0
171  0
172  0
173  0
174  2
175  2
176  0
177  0
178  0
179  0
180  6
181  0
182  0
183  0
184  0
185  0
186  0
187  0
188  0
189  0
190  4
191  0
192  0
193  2
194  2
195  0
196  0
197  0
198  0
199  0
200  0
201  0
202  0
203  0
204  0
205  0
206  0
207  0
208  0
209  0
210  0
211  2
212  2
213  0
214  0
215  2
216  0
217  2
218  0
219  0
220  0
221  0
222  0
223  2
224  0
225  0
226  2
227  0
228  0
229  4
230  0
231  2
232  0
233  0
234  0
235  0
236  0
237  0
238  0
239  0
240  0
241  0
242  0
243  0
244  0
245  0
246  0
247  2
248  0
249  0
250  0
251  0
252  0
253  0
254  0
255  2
256  0
257  0
258  0
259  0
260  0
261  2
262  0
263  0
264  0
265  0
266  0
267  0
268  0
269  0
270  0
271  0
272  0
273  0
274  0
275  0
276  0
277  2
278  0
279  0
280  2
281  0
282  0
283  0
284  0
285  0
286  0
287  0
288  0
289  0
290  0
291  0
292  0
293  0
294  0
295  0
296  0
297  0
298  0
299  0
300  2
301  0
302  0
303  0
304  0
305  0
306  0
307  0
308  0
309  0
310  0
311  0
312  0
313  0
314  0
315  0
316  0
317  0
318  0
319  0
320  0
321  0
322  0
323  0
324  0
325  0
326  0
327  0
328  0
329  0
330  0
331  0
332  0
333  0
334  0
335  0
336  0
337  0
338  0
339  0
340  0
341  0
342  0
343  0
344  0
345  0
346  0
347  0
348  0
349  0
350  0
351  0
352  0
353  0
354  0
355  0
356  0
357  0
358  0
359  0
360  0
361  0
362  0
363  0
364  0
365  0
366  0
367  0
368  0
369  0
370  0
371  0
372  0
373  0
374  0
375  0
376  0
377  0
378  0
379  0
380  0
381  0
382  0
383  0
384  0
385  0
386  0
387  0
388  0
389  0
390  0
391  0
392  0
393  0
394  0
395  0
396  0
397  0
398  0
399  0
400  0
401  0
402  0
403  0
404  0
405  0
406  0
407  0
408  0
409  0
410  0
411  0
412  0
413  0
414  0
415  0
416  0
417  0
418  0
419  0
420  0
421  0
422  0
423  0
424  0
425  0
426  0
427  0
428  0
429  0
430  0
431  0
432  0
433  0
434  0
435  0
436  0
437  0
438  0
439  2
440  0
441  0
442  0
443  0
444  0
445  0
446  0
447  0
448  0
449  0
450  0
451  0
452  0
453  0
454  0
455  0
456  0
457  0
458  0
459  0
460  0
461  0
462  0
463  0
464  0
465  0
466  0
467  0
468  0
469  0
470  0
471  0
472  0
473  0
474  0
475  0
476  0
477  0
478  0
479  0
480  0
481  0
482  0
483  0
484  0
485  0
486  0
487  0
488  0
489  0
490  0
491  0
492  0
493  0
494  0
495  0
496  0
497  0
498  0
499  0
500  0
501  0
502  0
503  0
504  0
505  0
506  0
507  0
508  0
509  0
510  0
511  0
512  0
513  0
514  0
515  0
516  2
517  0
518  0
519  0
520  0
521  0
522  0
523  0
524  0
525  0
526  0
527  0
528  0
529  0
530  0
531  0
532  0
533  0
534  0
535  0
536  0
537  0
538  0
539  0
540  0
541  0
542  0
543  0
544  0
545  0
546  0
547  0
548  0
549  0
550  0
551  0
552  0
553  0
554  0
555  0
556  0
557  0
558  0
559  0
560  0
561  0
562  0
563  0
564  0
565  0
566  0
567  0
568  0
569  0
570  0
571  0
572  0
573  0
574  0
575  0
576  0
577  0
578  0
579  0
580  0
581  0
582  0
583  0
584  0
585  0
586  0
587  0
588  0
589  0
590  0
591  0
592  0
593  0
594  0
595  0
596  0
597  0
598  0
599  0
600  0
