0  0
1  0
2  0
3  0
4  0
5  0
6  0
7  0
8  0
9  0
10  0
11  0
12  0
13  0
14  0
15  0
16  0
17  0
18  0
19  0
20  0
21  0
22  0
23  0
24  0
25  0
26  0
27  0
28  0
29  0
30  0
31  0
32  62116
33  180
34  112
35  272
36  112
37  2256
38  5798
39  64
40  1236
41  766
42  494
43  416
44  776
45  8686
46  23784
47  27152
48  76454
49  12752
50  16384
51  15660
52  7130
53  9728
54  7288
55  6240
56  5188
57  4782
58  32
59  24
60  1320
61  21724
62  838
63  13418
64  196
65  11850
66  3998
67  11072
68  8052
69  21260
70  5490
71  5008
72  1928
73  8714
74  900
75  648
76  6434
77  4286
78  6894
79  5686
80  7166
81  272
82  4010
83  11446
84  16236
85  6872
86  944
87  1652
88  824
89  516
90  460
91  712
92  218
93  470
94  46
95  9152
96  42
97  46234
98  10630
99  25274
100  29014
101  56048
102  9984
103  13370
104  17430
105  36928
106  2360
107  3856
108  22442
109  17450
110  31786
111  32852
112  40334
113  1014
114  29954
115  35086
116  38422
117  13306
118  6030
119  7106
120  5774
121  6044
122  1682
123  178
124  70088
125  106
126  52
127  0
