 0  0.884817
 1  0
 2  0.090909
 3  0.000000
 4  0.381818
 5  0.351129
 6  0.777778
 7  0.098291
 8  0.000000
 9  0.014085
 10  0.253086
 11  0.000000
 12  0.000000
 13  0.000000
 14  0.000000
 15  0.037500
 16  0.000000
 17  0.067797
 18  0.000000
 19  0.000000
 20  0.272997
 21  0.381643
 22  0.176471
 23  0.093596
 24  0.018349
 25  0.687500
 26  0.145161
 27  0.074074
 28  0.166667
 29  0.118280
 30  0.672131
 31  0
 32  0.271116
 33  0.208333
 34  0.000000
 35  0.000000
 36  0.500000
 37  0.016949
 38  0
 39  0.925857
 40  0.402948
 41  0.000000
 42  0.453308
 43  0.882353
 44  0.101449
 45  0.000000
 46  0
 47  0.464323
